results: {'matches': [{'id': '[T125] November 5 Troop Meeting - Requirements Night.eml',
              'metadata': {'date': 'Mon, 04 Nov 2024 19:08:20 -0800',
                           'from': 'Gautham Ramkumar '
                                   '<ramkumargautham2008@gmail.com>',
                           'subject': '[T125] November 5 Troop Meeting - '
                                      'Requirements Night'},
              'score': 0.821619749,
              'values': [-0.00616722787,
                         -0.0100348117,
                         0.00269511342,
                         -0.00867593102,
                         0.0115400329,
                         0.0288779568,
                         0.00282925926,
                         -0.0226201378,
                         -0.0191218909,
                         -0.0108152973,
                         0.0280695986,
                         -0.00193553395,
                         0.000811408565,
                         -0.0037421484,
                         0.0139233014,
                         0.0109825442,
                         0.00896164402,
                         -0.0423413292,
                         0.0244041048,
                         0.0217699669,
                         0.015107966,
                         0.0201811213,
                         0.000594510289,
                         0.00604179269,
                         0.0159023888,
                         -0.0251567159,
                         0.0187316481,
                         -0.0165713765,
                         -0.00554353651,
                         0.00907314196,
                         0.023149753,
                         -0.0184807777,
                         -0.0186340883,
                         -0.0199163128,
                         -0.0119581502,
                         -0.0269685555,
                         -0.00176567386,
                         -0.0289337058,
                         0.0397768766,
                         0.0165295638,
                         0.00526130758,
                         0.0154842716,
                         0.00796513166,
                         0.00789544545,
                         -0.0096654743,
                         0.0104598971,
                         -0.0136863682,
                         -0.00555050513,
                         -0.0335608684,
                         0.0205713641,
                         0.00542507,
                         -0.0266898107,
                         -0.0145504763,
                         -0.0247664731,
                         -0.0121532716,
                         0.0200835597,
                         -0.0014546992,
                         0.0405852385,
                         0.00424388889,
                         -0.0172264259,
                         0.00272821449,
                         -0.00517768413,
                         -0.0230661295,
                         0.0177142303,
                         -0.00534493104,
                         -0.0123971738,
                         -0.0371845514,
                         0.00798603706,
                         -0.0269824937,
                         0.00566548714,
                         0.00629266305,
                         0.0270939916,
                         0.0119581502,
                         -0.024696786,
                         0.0422855802,
                         -0.019818753,
                         0.0132334074,
                         0.00324040791,
                         0.0171009917,
                         -0.0191358272,
                         0.0114215668,
                         -0.0219232757,
                         -0.0394423828,
                         0.0241811089,
                         0.0210870411,
                         -0.00127438619,
                         0.0210452303,
                         0.017519109,
                         -0.013212502,
                         -0.0223135184,
                         0.00453657098,
                         0.0194842592,
                         0.025449397,
                         -0.000429005624,
                         -0.00703482097,
                         0.0125922952,
                         -0.0143274805,
                         0.045602642,
                         0.00806269236,
                         -0.014648037,
                         0.00431705965,
                         0.0100417798,
                         -0.0023693305,
                         -0.00498953136,
                         7.13739064e-05,
                         -0.016487753,
                         0.0104320226,
                         -0.011484284,
                         -0.00788150821,
                         -0.00939369854,
                         -0.0257838909,
                         0.0146062253,
                         0.00340765482,
                         -0.0270382427,
                         -0.011484284,
                         -0.0224110782,
                         0.0112752253,
                         0.00944944751,
                         -0.0192194507,
                         -0.0434841849,
                         0.0270661172,
                         -0.0036759465,
                         0.0128640709,
                         -0.00801391155,
                         0.0208361708,
                         -0.0204738025,
                         0.0175748579,
                         -0.00731705,
                         0.0178536028,
                         -0.0247107241,
                         -0.0110452613,
                         0.0138048343,
                         0.0197351296,
                         0.0260626357,
                         -0.00624736724,
                         0.0393030122,
                         -0.0287664589,
                         0.0298256893,
                         -0.0632750615,
                         -0.0173936728,
                         0.000448604842,
                         0.027916288,
                         0.00225957483,
                         -0.0105783641,
                         -0.0117003117,
                         0.00130051852,
                         0.0157072674,
                         -0.000371078961,
                         0.0174354855,
                         -0.00465852208,
                         0.0107247047,
                         0.0176027324,
                         0.033087004,
                         -0.00158884516,
                         0.0320835225,
                         0.0119999619,
                         -0.0118536213,
                         0.015219464,
                         0.00218466204,
                         -0.0067386548,
                         -0.0234284978,
                         -0.00782575924,
                         0.00878046,
                         -0.0209476687,
                         0.0155539578,
                         0.0258535761,
                         -0.00990240742,
                         0.000231271042,
                         0.00289720343,
                         -0.00786757097,
                         -0.000581879693,
                         0.00136062293,
                         -0.0310800411,
                         0.00384667772,
                         0.00227002776,
                         0.0205853,
                         0.00857140124,
                         -0.0298814382,
                         -0.0262020081,
                         -0.00937976129,
                         -0.0297420658,
                         0.00205748482,
                         0.0146062253,
                         0.0413935967,
                         -0.0290730782,
                         -0.0156933311,
                         0.020682862,
                         -0.00839718617,
                         -0.00335887447,
                         0.0209197942,
                         -0.0033693274,
                         0.0109198261,
                         -0.00705224276,
                         0.00498604681,
                         -0.606994569,
                         0.0130731296,
                         0.0238605514,
                         -0.00337803806,
                         0.0122717386,
                         0.00617071241,
                         0.0280417241,
                         0.00133100629,
                         -0.0172124896,
                         0.00740067335,
                         -0.00202786806,
                         0.0200556852,
                         0.00331183616,
                         -0.0212124772,
                         -0.00174389698,
                         -0.0268570576,
                         -0.0134912468,
                         0.00548081892,
                         -0.00496862549,
                         0.0173936728,
                         -0.0499510616,
                         -0.00257316255,
                         0.0123971738,
                         -0.0206271131,
                         0.0357908271,
                         -0.00113414275,
                         0.0129546626,
                         0.00679091923,
                         -0.0150104053,
                         0.0148570957,
                         -0.0285992119,
                         0.0222577695,
                         0.0207246728,
                         0.00510451337,
                         0.0332263745,
                         -0.00760973198,
                         -0.0388848931,
                         0.008557464,
                         0.0128222592,
                         0.00412890688,
                         -0.0325852633,
                         -0.0200556852,
                         0.0112543199,
                         0.0243344177,
                         0.021714218,
                         0.00591984205,
                         -0.0282368455,
                         -0.00494771963,
                         0.0109407324,
                         -0.0298535638,
                         0.00839718617,
                         -0.00603482407,
                         -0.0314702839,
                         0.010452929,
                         0.00494771963,
                         -0.0205853,
                         0.0233588107,
                         0.00727523817,
                         0.00248431275,
                         -0.00318814325,
                         -0.00262716948,
                         -0.0093588559,
                         -0.00979787856,
                         -0.0211985391,
                         -0.0389127694,
                         0.00986756478,
                         -0.00585364,
                         0.0177142303,
                         0.0181044731,
                         -0.0194842592,
                         0.0124529228,
                         0.0129407253,
                         -0.0191497654,
                         0.00664806273,
                         0.011491253,
                         -0.013268251,
                         0.0156515185,
                         -0.0163483806,
                         0.000810973055,
                         -0.00825084466,
                         -0.0128989136,
                         -0.016250819,
                         -0.00993725099,
                         -0.0158187654,
                         0.00959578808,
                         -0.0102159958,
                         -0.0169058703,
                         -0.018327469,
                         0.0105156461,
                         0.016250819,
                         0.0128710391,
                         0.00162455929,
                         0.00814631581,
                         -0.0120348055,
                         -0.0166689362,
                         0.010682893,
                         -0.0107177366,
                         -0.00697558792,
                         0.0224389527,
                         -0.0131079722,
                         -0.0100069372,
                         0.0024233372,
                         -0.00604527723,
                         -0.00354354293,
                         0.0363483168,
                         -0.00241114222,
                         0.0154006481,
                         -0.00844596606,
                         0.0377420411,
                         -0.0292682,
                         -0.00278396322,
                         -0.00270905066,
                         -0.0390800163,
                         0.019763004,
                         0.0173379239,
                         -0.0210312922,
                         0.0114703467,
                         0.00947732199,
                         0.0388570204,
                         0.00143292232,
                         0.0035557379,
                         0.0138954269,
                         0.00623691408,
                         -0.0237072427,
                         -0.00940763578,
                         0.034229856,
                         0.0190382674,
                         -0.0186480246,
                         -0.0110522304,
                         0.0119999619,
                         -0.00262020086,
                         -0.00351392617,
                         0.0259650741,
                         -0.00719161471,
                         0.0107595483,
                         -0.0241950452,
                         0.00750520267,
                         -0.00368291512,
                         0.0459928848,
                         -0.0197490659,
                         0.000890241063,
                         0.0111010103,
                         0.00937976129,
                         -0.0374911726,
                         -0.018327469,
                         -0.0200835597,
                         -0.0337281153,
                         -0.0139720812,
                         -0.0144668529,
                         0.00104877714,
                         -0.0233030617,
                         0.0209616069,
                         -0.00104180851,
                         -0.0126410751,
                         0.00258187344,
                         -0.0132473446,
                         -0.0096445689,
                         -0.0162229445,
                         -0.0228152592,
                         -0.0163065679,
                         -0.0137699917,
                         0.03492672,
                         -0.0328640081,
                         0.00876652263,
                         0.0105853323,
                         -0.00492332922,
                         -0.00191985455,
                         0.0359302,
                         -0.000405486528,
                         -0.0288222078,
                         -0.0051358724,
                         -0.0215330329,
                         0.0252403393,
                         0.00516723096,
                         0.00142072723,
                         -0.00536235236,
                         -0.00806269236,
                         -0.0193448868,
                         -0.0125156399,
                         0.0115191275,
                         0.0125365462,
                         0.00384667772,
                         -0.0231218785,
                         -0.00311148842,
                         0.00810450409,
                         -0.0245713517,
                         0.0143553549,
                         0.0147874095,
                         0.00786757097,
                         0.0369894318,
                         -0.0310242921,
                         0.011142822,
                         -0.0148431584,
                         -0.00535189966,
                         -0.00322124409,
                         0.0165156275,
                         0.0132961255,
                         0.00990240742,
                         -0.000865850947,
                         0.00633795885,
                         -0.00122560584,
                         -0.00800694339,
                         0.0411984771,
                         -0.020445928,
                         0.0113658179,
                         -0.0297141913,
                         -0.00887802057,
                         -0.022801321,
                         0.0291567016,
                         0.0320556462,
                         -0.0076794182,
                         -0.0428709462,
                         -0.0105992695,
                         -0.00542158587,
                         -0.00461322581,
                         0.0119999619,
                         0.00179441937,
                         0.0179651,
                         -0.0145644136,
                         0.00487454887,
                         0.0186898373,
                         -0.00346863014,
                         0.00306096603,
                         0.00183274678,
                         -0.0189685803,
                         0.00645294134,
                         0.0457977653,
                         0.0345364772,
                         -0.00492681377,
                         -0.00171079603,
                         -0.0222995803,
                         0.0314702839,
                         0.0244598538,
                         0.0217839032,
                         0.0178675391,
                         0.0130104115,
                         0.0117560606,
                         -0.0340068601,
                         0.0313309133,
                         -0.020682862,
                         0.0220069,
                         0.0295190699,
                         0.0121253971,
                         -0.0137072736,
                         0.00531705655,
                         -0.0104041481,
                         -0.0134912468,
                         0.0175609197,
                         0.00736583024,
                         0.0257838909,
                         0.0120138992,
                         0.0169894937,
                         -0.0145783508,
                         0.00714980299,
                         0.00483970577,
                         0.0166271254,
                         -0.00903133,
                         0.0205853,
                         -0.0145365391,
                         0.045546893,
                         0.00314458949,
                         0.0129476944,
                         0.0219372138,
                         -0.0428151973,
                         0.02160272,
                         0.0252682138,
                         0.0262159444,
                         -0.0208640452,
                         0.00529266614,
                         -0.0323622674,
                         0.0132403765,
                         -0.0058815144,
                         0.00362716615,
                         -0.00641809823,
                         0.0100417798,
                         -0.0179511625,
                         -0.00286584464,
                         0.000729091757,
                         -0.0202508066,
                         -0.00615677517,
                         -0.00710799173,
                         -0.0207804218,
                         0.0250591543,
                         0.0222995803,
                         -0.0165016893,
                         -0.00822993927,
                         -0.000598865678,
                         0.0139302695,
                         -0.0215887818,
                         0.02826472,
                         -0.00385713065,
                         -0.00386758358,
                         0.0171009917,
                         -0.0156654567,
                         -0.00444946345,
                         -0.00730311265,
                         0.0010252581,
                         -0.00204006326,
                         0.00804178603,
                         0.00979787856,
                         0.0150243426,
                         0.0176724177,
                         -0.0278744772,
                         -0.00902436208,
                         0.0443204157,
                         0.00104703498,
                         -0.0307734217,
                         -0.0353169627,
                         -0.00443204166,
                         -0.0122787068,
                         0.0214075986,
                         -0.00183274678,
                         -0.00227873842,
                         -0.0155818323,
                         0.0123692993,
                         0.0174215473,
                         -0.000851478137,
                         -0.0101323724,
                         0.0195678826,
                         -0.0180626605,
                         0.0176724177,
                         0.00349302031,
                         -0.0253657736,
                         0.00681530964,
                         0.113560617,
                         0.038996391,
                         0.0249197818,
                         0.0109337633,
                         -0.0320835225,
                         -0.00467245933,
                         -0.013498215,
                         -0.0202089958,
                         0.0452124,
                         -0.00702436827,
                         -0.0256445184,
                         -0.00267943414,
                         -0.00740067335,
                         -0.00583273405,
                         0.0253100246,
                         0.00575259514,
                         0.00401740894,
                         0.0212682262,
                         0.0192473251,
                         -0.0159720741,
                         -0.00142682472,
                         0.00253831944,
                         -0.0204319917,
                         -0.00342681841,
                         0.0281114094,
                         0.000797906891,
                         0.0272473,
                         0.0384389,
                         0.0214075986,
                         -0.0202647448,
                         -0.01827172,
                         0.00468988065,
                         0.0127804475,
                         -0.00375957,
                         -0.00881530344,
                         0.025449397,
                         0.00875258539,
                         0.0213936605,
                         0.00919160899,
                         0.000747384387,
                         0.00908011105,
                         0.00153832266,
                         -0.000643290638,
                         0.00307141896,
                         0.0202089958,
                         0.00643203547,
                         0.00600694958,
                         -0.0112264454,
                         -0.00607315172,
                         0.00312542566,
                         0.0370730534,
                         0.0225365143,
                         -0.0205016769,
                         -0.0130452551,
                         0.00639022375,
                         0.00393378548,
                         0.000801391201,
                         0.0141741717,
                         0.000949474343,
                         -0.0194285102,
                         -0.0257420782,
                         -0.0406688601,
                         0.0197769403,
                         -0.00902436208,
                         -0.0435120575,
                         -0.0224389527,
                         -0.0194563847,
                         -0.0246828496,
                         -0.0061114789,
                         -0.00108623353,
                         -0.00629614759,
                         -0.0126828868,
                         -0.0197908785,
                         0.00803481787,
                         0.0253379,
                         -0.0112125082,
                         0.0206689239,
                         -0.00479789404,
                         -1.58291095e-05,
                         -0.00377699151,
                         0.0051010293,
                         -0.022174146,
                         0.0168222468,
                         -0.00795119442,
                         0.0199999362,
                         -0.0052438858,
                         0.0117909033,
                         0.0163344424,
                         -0.00303483359,
                         0.0119302757,
                         -0.0179093517,
                         -0.00303134928,
                         -0.000644597283,
                         -0.0248640329,
                         -0.0116794053,
                         -0.00535538374,
                         -0.00498953136,
                         0.0314424112,
                         0.00220905221,
                         -0.00157839223,
                         -0.00718464609,
                         -0.0154145854,
                         0.0129895061,
                         -0.0268152468,
                         -0.0070766327,
                         0.0233309362,
                         -0.00608360441,
                         0.0170731172,
                         -0.0395538807,
                         -0.025616644,
                         0.0211009793,
                         -0.0223274548,
                         -0.00584667129,
                         0.000168662358,
                         0.0128849763,
                         0.0100626862,
                         0.0193588231,
                         0.00162107497,
                         0.0147455977,
                         -0.0133936862,
                         -0.00137717335,
                         -0.0362925678,
                         0.0226619486,
                         -0.00528918207,
                         -0.00304877083,
                         -0.00509754475,
                         -0.00618464965,
                         -0.0334772468,
                         0.00802088063,
                         0.0016280436,
                         -0.00827175099,
                         -0.00181184092,
                         0.0100139054,
                         -0.0412821,
                         -0.0171009917,
                         -0.0297978148,
                         -0.0425085761,
                         0.0068466682,
                         -0.00912192278,
                         -0.0157769546,
                         -0.0165156275,
                         -0.00548081892,
                         0.0142020462,
                         -0.0265922509,
                         0.0103762737,
                         -0.0212682262,
                         -0.0290173292,
                         -0.0105156461,
                         0.0149128446,
                         0.0200556852,
                         -0.0199023765,
                         0.0110661667,
                         0.00857837,
                         0.00714980299,
                         0.00198954064,
                         -0.00551914657,
                         -0.0202368703,
                         0.00472123967,
                         0.0229406934,
                         0.00804875512,
                         0.00695816614,
                         -0.00111933448,
                         0.012696824,
                         -0.013902395,
                         -0.00402786164,
                         0.0202647448,
                         0.00119947351,
                         -0.0159163252,
                         -0.00239546271,
                         -0.00382925617,
                         0.00372124254,
                         -0.00801391155,
                         -0.00213588169,
                         -0.0139651131,
                         0.0263553169,
                         0.0468291193,
                         -0.00123431662,
                         -0.00718464609,
                         -0.00991634466,
                         -0.0492542,
                         -0.0200835597,
                         0.0165574383,
                         -0.00312542566,
                         0.00558186369,
                         -0.0260068867,
                         -0.0158605762,
                         0.0361810699,
                         0.0335329957,
                         0.0166131873,
                         -0.0288222078,
                         0.00412542233,
                         -0.0272473,
                         0.0135051841,
                         -0.00714283437,
                         0.0364876911,
                         0.010738642,
                         -0.0214075986,
                         -0.0362089463,
                         -0.0145365391,
                         -0.0249058455,
                         0.00834143721,
                         0.0111637274,
                         0.00911495369,
                         0.0209337324,
                         -0.0159163252,
                         0.0127177294,
                         -0.0345643498,
                         -0.00717070885,
                         0.00701391511,
                         -0.0187455863,
                         0.00144860172,
                         -0.00458883587,
                         0.000554005208,
                         -0.00809056684,
                         0.000177264243,
                         0.00394423865,
                         -0.0234563723,
                         0.0188292097,
                         -0.0199023765,
                         -0.00924735796,
                         0.0314981602,
                         -0.0232751872,
                         0.0281114094,
                         0.0527106337,
                         0.0238326769,
                         -0.0106550185,
                         0.0304389279,
                         0.0042682793,
                         0.0282786563,
                         -0.0012177662,
                         0.00763063785,
                         0.0072543323,
                         0.0226201378,
                         0.0146898488,
                         0.00947732199,
                         0.00205225823,
                         0.0146341,
                         -0.0132961255,
                         -0.0238466151,
                         0.0223832037,
                         -0.00146863644,
                         -0.00740067335,
                         -0.0129964743,
                         -0.0101114661,
                         -0.0571984239,
                         0.0127665102,
                         0.0323065184,
                         0.0128501337,
                         -0.0149267819,
                         -0.00815328397,
                         -0.00656095473,
                         0.0391078889,
                         0.00265330169,
                         -0.00437977724,
                         0.037853539,
                         -0.0142159835,
                         0.00740067335,
                         -0.0205295514,
                         -0.00825781375,
                         -0.0054982407,
                         -0.0123205185,
                         0.0398326255,
                         -0.0204598662,
                         -0.00584318722,
                         0.016655,
                         0.0241671707,
                         -0.0110522304,
                         -0.0132891564,
                         -0.0011263031,
                         0.0258257017,
                         -0.00138762628,
                         -0.00855049584,
                         0.00216898276,
                         -0.00754701439,
                         0.0246689115,
                         0.00736583024,
                         -0.0115121584,
                         0.00372821116,
                         -0.0274563599,
                         -0.00920554623,
                         -0.0136445565,
                         0.0326131359,
                         -0.0285992119,
                         -0.0104598971,
                         0.00120992644,
                         -0.00815328397,
                         0.0119093703,
                         -0.00663064094,
                         0.0249197818,
                         -0.0183553435,
                         0.00700694649,
                         -0.0152891502,
                         -0.00578046963,
                         -0.00349650462,
                         -0.00773516716,
                         0.00160191127,
                         0.00577698508,
                         0.0383274034,
                         -0.0235260576,
                         0.0214354731,
                         -0.00326828239,
                         0.0288500823,
                         -0.0207107365,
                         0.00839021709,
                         0.00296514737,
                         -0.0196236316,
                         0.0360974483,
                         -0.00530311931,
                         -0.0371845514,
                         8.90132214e-05,
                         0.008097535,
                         0.0124947345,
                         -0.03905214,
                         0.0138884578,
                         0.0203623045,
                         0.0333657488,
                         -0.00876652263,
                         0.0123135503,
                         -0.0409476049,
                         0.0152055267,
                         -0.0212124772,
                         0.0171288662,
                         0.00283622788,
                         -0.0096445689,
                         0.0262298826,
                         -0.0215190966,
                         0.0287943333,
                         0.0106898621,
                         -0.0398326255,
                         -0.00213762396,
                         0.0183692798,
                         -0.0119233076,
                         -0.0249197818,
                         -0.0127177294,
                         -0.0101532778,
                         -0.0108152973,
                         0.0074494537,
                         0.0274563599,
                         -0.00428221654,
                         0.00254703034,
                         -0.00601043412,
                         0.00233971397,
                         -0.0164459404,
                         0.00579092233,
                         -0.0273727365,
                         0.00182229385,
                         0.0113449115,
                         -0.0202089958,
                         -0.0434563085,
                         -0.0139442068,
                         -0.0241950452,
                         0.0467454977,
                         -0.00789544545,
                         -0.0217560288,
                         0.0183971543,
                         -0.00813237857,
                         -0.0218954012,
                         -0.00465503754,
                         -0.0234703086,
                         0.0165295638,
                         0.0193030741,
                         -0.0118466523,
                         0.00896861311,
                         0.0125574516,
                         -0.00831356272,
                         0.00577350101,
                         -0.02366543,
                         0.0241950452,
                         -0.000727349601,
                         -0.00793028809,
                         -0.0204041172,
                         0.0164180659,
                         -0.0493099503,
                         0.00865502469,
                         0.0300765596,
                         0.0212264135,
                         0.00736583024,
                         0.0158884507,
                         -0.0141114537,
                         0.00349824689,
                         -0.00652959617,
                         0.0131776584,
                         0.00625085132,
                         0.010278713,
                         -0.000213849504,
                         -0.0409476049,
                         -0.0185504649,
                         -0.0277490411,
                         -0.0136097129,
                         -0.014299606,
                         -0.0244319793,
                         0.0184529033,
                         0.0105574578,
                         0.0291288272,
                         -0.0335608684,
                         -0.0305504259,
                         -0.00412890688,
                         0.0140069248,
                         0.034285605,
                         0.0205853,
                         0.00813237857,
                         -0.00736583024,
                         -0.00649475306,
                         -0.00326654012,
                         -0.020682862,
                         0.0126062324,
                         -0.0316932797,
                         -0.0175609197,
                         0.00419859309,
                         -0.0065714079,
                         0.0110382931,
                         0.0100557171,
                         0.00359929167,
                         0.00811844133,
                         -0.0226340741,
                         0.0163344424,
                         -0.0154145854,
                         -0.0176027324,
                         -0.000368030189,
                         -0.0178117901,
                         -0.0450730287,
                         0.0243065432,
                         -0.011428535,
                         -0.0109058889,
                         0.00799300615,
                         0.0139163323,
                         -0.00393727,
                         0.00179790368,
                         -0.0223135184,
                         -0.00664806273,
                         -0.0327525102,
                         0.00391984824,
                         -0.0226758868,
                         0.0153727736,
                         -0.0319162756,
                         0.0147734722,
                         0.198354781,
                         0.00745642232,
                         0.0198605638,
                         0.0143971667,
                         -0.0211985391,
                         0.0164459404,
                         0.0179372262,
                         0.0057491106,
                         -0.0113518806,
                         0.0139720812,
                         -0.01080136,
                         0.00130835827,
                         0.00634841202,
                         0.000692942063,
                         -0.0104180854,
                         0.00500695268,
                         -0.0380207859,
                         -0.0214633476,
                         -0.0476096049,
                         -0.0139720812,
                         -0.00236758846,
                         -0.0162786935,
                         -0.0037073053,
                         -0.0212264135,
                         0.0215609074,
                         0.0137421172,
                         0.00276305759,
                         0.00689544855,
                         0.0196654424,
                         -0.00091724447,
                         -0.0287385844,
                         -0.0130591923,
                         -0.0179093517,
                         -0.0254633334,
                         -0.00464458484,
                         0.00632750615,
                         0.0122229578,
                         -0.0177142303,
                         0.00586409308,
                         0.0141462972,
                         -0.0121253971,
                         0.013268251,
                         0.0202786811,
                         -0.0320277736,
                         -0.00991634466,
                         -0.0153867109,
                         0.00259406841,
                         -0.00486758025,
                         -0.041421473,
                         0.0430660658,
                         -0.0335329957,
                         -0.0194563847,
                         0.0301044341,
                         0.0122578014,
                         0.00564458128,
                         -0.0141393282,
                         -0.00912889093,
                         0.012411111,
                         -0.0171288662,
                         -0.00850868411,
                         -0.0148292212,
                         0.0121881152,
                         -0.0205434896,
                         0.00861321297,
                         0.0084389979,
                         0.0352333374,
                         -0.000894596451,
                         -0.00484319031,
                         -0.00790938269,
                         -0.0271218661,
                         -0.00884317793,
                         -0.000416592753,
                         -0.014703786,
                         0.00702088373,
                         -0.0297699403,
                         -0.0218535904,
                         0.00782575924,
                         0.0236793682,
                         0.000924213091,
                         0.0179511625,
                         -0.00549475616,
                         -0.0022491219,
                         0.0228710081,
                         -0.0117351543,
                         0.0117978724,
                         -0.01746336,
                         0.00456444547,
                         -0.012808322,
                         -0.00875258539,
                         -0.0152612757,
                         0.0122996131,
                         0.0106341131,
                         -0.0176445432,
                         0.00325260288,
                         -0.00601740275,
                         -0.00496165687,
                         0.0153588364,
                         0.0173797365,
                         -0.00811147224,
                         0.00162717258,
                         -0.00440765172,
                         0.0448500328,
                         0.0304389279,
                         -0.00676304474,
                         -0.0395538807,
                         -0.0117978724,
                         0.0282229073,
                         0.0183135308,
                         -0.011428535,
                         -0.0036759465,
                         -0.00429963786,
                         -0.00426131068,
                         -0.00375608564,
                         0.014703786,
                         0.0079999743,
                         -0.0140278302,
                         0.0106898621,
                         -0.000720816548,
                         0.0189685803,
                         -0.00249302341,
                         0.0165016893,
                         -0.0457977653,
                         -0.0163065679,
                         0.0129686,
                         0.00118727842,
                         -0.0252124649,
                         -0.00176915817,
                         -0.0267037489,
                         0.0249197818,
                         -0.0247664731,
                         0.016599251,
                         -0.0144947274,
                         0.01619507,
                         -0.0138884578,
                         -0.0176306069,
                         -0.0356514566,
                         -0.00117421232,
                         -0.0251427777,
                         -0.0135051841,
                         0.00275260466,
                         0.00944247935,
                         -0.0287385844,
                         0.0343413539,
                         -0.0060034655,
                         0.0133100627,
                         -0.0252542756,
                         -0.00495468825,
                         -0.0252821501,
                         -0.0215469711,
                         -0.00758882612,
                         -0.0184250288,
                         -0.0259093251,
                         -0.00587803032,
                         -0.0287943333,
                         0.0140696419,
                         -0.00282751722,
                         -0.0326967612,
                         -0.0377699174,
                         -0.0136236502,
                         0.0205434896,
                         -0.0211846028,
                         -0.0143971667,
                         0.0145226019,
                         0.0041811713,
                         -0.0461043827,
                         0.0169755556,
                         -0.178396642,
                         0.0284319669,
                         0.0111776646,
                         -0.0212124772,
                         0.00760276336,
                         -0.00349302031,
                         0.0184529033,
                         0.0109058889,
                         -0.0380765349,
                         -0.0158745144,
                         0.0125086717,
                         -0.0176724177,
                         -0.0235399958,
                         0.0215609074,
                         0.00505573303,
                         0.00618464965,
                         -0.0108989207,
                         0.0143414177,
                         -0.00337281171,
                         0.0164041296,
                         0.0108362027,
                         -0.0339511111,
                         0.0158048272,
                         -0.01039718,
                         -0.0012116686,
                         -0.0101323724,
                         -0.00241114222,
                         0.0103135565,
                         -0.019874502,
                         0.018090535,
                         -0.0295748189,
                         0.015679393,
                         0.000821426,
                         0.00587454578,
                         -0.00315678446,
                         -0.00894770678,
                         -0.0187734608,
                         -0.0219650883,
                         -0.00859927572,
                         0.0425085761,
                         0.00987453293,
                         0.00459928857,
                         0.0267176852,
                         -0.000728656247,
                         -0.0346479751,
                         0.0263135061,
                         -0.00338152237,
                         0.00182577816,
                         0.00257664686,
                         -0.0336444937,
                         -0.0101602469,
                         -0.0410312302,
                         0.0126759177,
                         0.00970728602,
                         0.012696824,
                         -0.00355748,
                         -0.0114006605,
                         -0.0134494351,
                         0.0141672026,
                         -0.0063762865,
                         -0.00566897169,
                         0.00958882,
                         0.023317,
                         -0.0143832294,
                         -0.0184947159,
                         -0.0377420411,
                         -0.011428535,
                         0.0259372,
                         -0.00111933448,
                         0.00820206478,
                         0.0035783858,
                         -0.026480753,
                         0.00548778754,
                         -0.0203483682,
                         0.0139372386,
                         -0.00737279886,
                         -0.015107966,
                         0.0126480432,
                         -0.00110539724,
                         -0.00967941154,
                         0.00933795,
                         0.0445712879,
                         0.000238892972,
                         0.0148710329,
                         0.00520555861,
                         -0.00804875512,
                         0.0187177118,
                         -0.00102177379,
                         0.0262995679,
                         -0.014299606,
                         0.00443901028,
                         -0.0186201502,
                         -0.0139651131,
                         -0.0151915895,
                         0.0251845904,
                         0.00907314196,
                         0.0190522037,
                         -0.0142368888,
                         0.00332228909,
                         -0.00432751235,
                         0.00389545807,
                         -0.00698952517,
                         -0.0203483682,
                         0.0117003117,
                         0.0157908909,
                         -0.00948429,
                         0.00207142206,
                         0.00114111137,
                         0.0145086646,
                         -0.00914282817,
                         0.00532054063,
                         -0.00357141718,
                         0.0320556462,
                         -0.0238187406,
                         -0.00182926247,
                         0.02033443,
                         0.0100487489,
                         -0.0111497901,
                         0.0163344424,
                         -0.00287281326,
                         0.0453796461,
                         -0.0106132068,
                         -0.0122090206,
                         -0.00681530964,
                         -0.00632402161,
                         -0.00602785544,
                         -0.0781600326,
                         -0.00609754166,
                         0.00809056684,
                         0.0104947407,
                         -0.00344772427,
                         -0.00783272833,
                         -0.0233448744,
                         0.0440974236,
                         -0.00459232,
                         0.0250591543,
                         0.00910101645,
                         -0.0334493704,
                         0.0214354731,
                         0.0071010231,
                         0.0188710205,
                         0.00385364634,
                         0.00672820164,
                         -0.0221323334,
                         -0.00374563271,
                         0.0274563599,
                         0.00146863644,
                         -0.0238466151,
                         0.00195121334,
                         0.00816025306,
                         -0.00473866099,
                         -0.00976303499,
                         -0.0444319136,
                         0.027344862,
                         0.0196654424,
                         0.0265922509,
                         -0.0063518961,
                         -0.0319162756,
                         0.00060235,
                         -0.0274284855,
                         -0.023149753,
                         0.0299371872,
                         -0.0621043332,
                         0.0110522304,
                         0.0114633786,
                         -0.0109337633,
                         -0.00138675515,
                         0.011428535,
                         0.0244180411,
                         -0.0351775885,
                         0.00138762628,
                         -0.0265225638,
                         -0.0136584938,
                         -0.0117630288,
                         0.0177699793,
                         -0.0235678703,
                         -0.00784666557,
                         -0.0408639833,
                         -0.0357072055,
                         -0.0225225762,
                         0.00772819854,
                         -0.0296863168,
                         -0.00786757097,
                         0.0162229445,
                         -0.0200417489,
                         -0.0223135184,
                         0.00552959926,
                         0.00160713773,
                         0.00229964429,
                         -0.00159494265,
                         0.0245574135,
                         0.0353169627,
                         -0.011317037,
                         -0.0223413929,
                         0.0359302,
                         0.0125644207,
                         0.00793028809,
                         0.015567895,
                         -0.0212403517,
                         0.0179372262,
                         -0.0229128189,
                         -0.00647733128,
                         0.00912889093,
                         0.00180313014,
                         0.000576653227,
                         -0.00657489197,
                         0.00229093363,
                         -0.0306897983,
                         0.00226828549,
                         0.000698604039,
                         0.0137212109,
                         0.0198048148,
                         0.0234981831,
                         0.0128710391,
                         0.00617768103,
                         -0.00980484672,
                         0.0295748189,
                         0.00440765172,
                         0.00861321297,
                         -0.0283483434,
                         -0.01952607,
                         0.0264110658,
                         0.0133100627,
                         0.00476305094,
                         0.0114006605,
                         0.00153832266,
                         -0.0155400205,
                         -0.00733795576,
                         -0.0855189,
                         0.0327246338,
                         -0.00479441,
                         -0.0182577819,
                         -0.00618116511,
                         0.00147908938,
                         0.00733795576,
                         -0.00467942795,
                         -0.0108501399,
                         0.0131985648,
                         -0.0291567016,
                         0.0208501089,
                         0.000717767747,
                         -0.0127107613,
                         -0.04445979,
                         -0.00351566845,
                         0.0226480123,
                         -0.0129198199,
                         0.0214912221,
                         0.0206271131,
                         0.00676304474,
                         0.0225922633,
                         -0.00812540948,
                         0.00896861311,
                         -0.0203762427,
                         0.0352612138,
                         0.00525782304,
                         0.00470730243,
                         2.05247616e-05,
                         -0.00729614403,
                         0.0322228931,
                         -0.0234563723,
                         0.00292333565,
                         0.024989469,
                         -0.00532402517,
                         -0.00616374379,
                         -0.0116794053,
                         0.0243065432,
                         0.0190940164,
                         0.0219511501,
                         -0.00621252414,
                         -0.0126271378,
                         -0.0112194763,
                         -0.0043135751,
                         -0.0138048343,
                         0.00116811483,
                         -0.0040383148,
                         0.00575259514,
                         0.0170034301,
                         -0.0024355324,
                         0.020390179,
                         0.0118118096,
                         -0.0136097129,
                         0.00372124254,
                         0.0212403517,
                         -0.0101184351,
                         -0.00254703034,
                         -0.015623644,
                         0.02285707,
                         -0.0178675391,
                         0.0554702096,
                         0.0170452427,
                         0.0245156027,
                         0.0167525597,
                         0.0158048272,
                         0.00612193206,
                         -0.00798603706,
                         0.0144668529,
                         0.00948429,
                         -0.0204877406,
                         -0.0147177232,
                         0.0142368888,
                         0.0259650741,
                         -0.00646687858,
                         -0.00694771344,
                         0.027972037,
                         0.00659231376,
                         0.0088222716,
                         -0.0111637274,
                         0.00814631581,
                         0.0199720617,
                         -0.000848864904,
                         -0.0144947274,
                         0.034174107,
                         0.0279441625,
                         -0.00120992644,
                         0.0126550123,
                         -0.00342159206,
                         -0.017519109,
                         -0.00480834721,
                         -0.0287107099,
                         0.0203762427,
                         0.0102717448,
                         0.00332925771,
                         0.0119093703,
                         0.0409476049,
                         0.00396862859,
                         0.00338849099,
                         0.0123971738,
                         0.00553656789,
                         -0.00133274845,
                         0.0171567407,
                         0.00178309542,
                         0.00311845704,
                         -0.0121881152,
                         -0.00537280552,
                         -0.0583691522,
                         0.00620207097,
                         0.0144947274,
                         0.000963411585,
                         0.0245992262,
                         0.0117560606,
                         0.00108797569,
                         0.0292682,
                         -0.0266340617,
                         -0.0178396646,
                         0.00214633462,
                         -0.019986,
                         -0.0159023888,
                         0.0306619238,
                         0.00140591885,
                         0.00405922066,
                         0.0103483992,
                         -0.0115539702,
                         0.0189685803,
                         -0.0351218395,
                         0.00270208204,
                         -0.00667593721,
                         -0.0106201759,
                         0.00422298303,
                         -0.017170677,
                         -0.00193901826,
                         -0.0173100494,
                         -0.0220208373,
                         -0.0211706646,
                         0.0108152973,
                         0.00424040481,
                         0.0229406934,
                         0.0201393086,
                         0.0753725842,
                         0.0161671955,
                         -0.0188292097,
                         -0.00766548095,
                         0.0056167068,
                         0.00981878396,
                         0.0217420924,
                         0.00505573303,
                         -0.00522646448,
                         0.00324737653,
                         0.0101881213,
                         -0.0113936923,
                         0.031303037,
                         -0.0502019338,
                         -0.0338396132,
                         -0.0157908909,
                         0.0350103416,
                         0.0469963662,
                         0.0087247109,
                         -0.0120696481,
                         0.0267594978,
                         -0.0140278302,
                         0.0332821235,
                         0.0227037612,
                         0.00386061496,
                         -0.00711496,
                         0.0226480123,
                         -0.00731008127,
                         -0.0108780144,
                         -0.00667245267,
                         0.013268251,
                         0.00154964672,
                         -0.0404458642,
                         -0.000416810537,
                         -0.00559231685,
                         -0.0267316233,
                         -0.0253379,
                         -0.000377612043,
                         0.00927523244,
                         -0.00128309696,
                         0.00878046,
                         0.00190591731,
                         -0.00866896193,
                         0.000547907664,
                         -0.016250819,
                         -0.0127734784,
                         -0.00212542876,
                         0.0292960741,
                         -0.00604527723]}],
 'namespace': '',
 'usage': {'read_units': 6}}
[]
INFO:     127.0.0.1:54347 - "POST /ask?question=tell%20me%20about%20the%20requirements%20night&top_k=1 HTTP/1.1" 500 Internal Server Error
